0020012649
0020022649
0020012650
0020022650
0020012651
0020012652
0020012653
0020012654
0020012655
0020012656
0020012657
0020012658
0020012659
0020012660
0020012661
0020012662
0020012663
0020012665
0020012666
0020012667
0020012668
0020012669
0020022669
0020012670
0020013394
0020013395
0020013600
0020013601
0020013602
0020013603
0020013604
0020013605
0020013606
0020013607
0020013608
0020023608
0020013609
0020013610
0020023610
0020013611
0020023611
0020013612
0020023612
0020013613
0020013614
0020013615
0020013616
0020013617
0020023617
0020013618
0020013619
0020013620
0020013621
0020013622
0020013623
0020013624
0020013625
0020013626
0020013627
0020013628
0020013629
0020013630
0020013631
0020013632
0020013633
0020023633
0020013634
0020013635
0020013636
0020023636
0020013637
0020023637
0020013638
0020023638
0020013639
0020023639
0020013640
0020023640
0020013641
0020023641
0020013642
0020023642
0020013643
0020013644
0020013645
0020013646
0020013647
0020013648
0020013649
0020013650
0020013651
0020013652
0020013653
0020023653
0020013654
0020013655
0020013656
0020023656
0020013657
0020023657
0020013658
0020023658
0020013659
0020013660
0020013661
0020013662
0020023662
0020013663
0020023663
0020013664
0020023664
0020013665
0020013666
0020023666
0020013667
0020013668
0020013669
0020023669
0020013670
0020023670
0020013671
0020023671
0020013672
0020023672
0020013673
0020013674
0020023674
0020013675
0020023675
0020013676
0020023676
0020013677
0020023677
0020013678
0020023678
0020013679
0020023679
0020013680
0020023680
0020013681
0020023681
0020013682
0020023682
0020013683
0020023683
0020013684
0020013685
0020013686
0020013687
0020013688
0020013689
0020013690
0020013691
0020013692
0020013693
0020023693
0020013694
0020013695
0020013696
0020013697
0020013698
0020013699
0020013700
0020013701
0020013702
0020013703
0020013704
0020013705
0020013706
0020013707
0020013708
0020013709
0020013710
0020013711
0020013712
0020013713
0020013714
0020013715
0020013716
0020013717
0020013718
0020013719
0020013720
0020013721
0020023721
0020013722
0020023722
0020013723
0020013724
0020023724
0020013725
0020023725
0020013727
0020023727
0020013728
0020013729
0020013730
0020013731
0020013732
0020023732
0020013733
0020023733
0020013734
0020023734
0020013735
0020023735
0020013736
0020023736
0020013737
0020023737
0020013738
0020023738
0020013739
0020023739
0020013740
0020023740
0020013741
0020023741
0020013742
0020013743
0020023743
0020013744
0020023744
0020013745
0020023745
0020013746
0020023746
0020013747
0020023747
0020013748
0020023748
0020013749
0020023749
0020013750
0020023750
0020013751
0020013752
0020023752
0020013753
0020013754
0020023754
0020013755
0020013756
0020013757
0020013758
0020013759
0020013760
0020013761
0020023761
0020013762
0020013763
0020023763
0020013764
0020013765
0020013766
0020023766
0020013767
0020023767
0020013768
0020013769
0020023769
0020013770
0020023770
0020013771
0020023771
0020013772
0020023772
0020013773
0020023773
0020013774
0020023774
0020013775
0020023775
0020013776
0020023776
0020013777
0020023777
0020013778
0020023778
0020013779
0020023779
0020013780
0020023780
0020013781
0020023781
0020013782
0020023782
0020013783
0020023783
0020013784
0020023784
0020013785
0020013786
0020013787
0020013788
0020013789
0020013790
0020013791
0020013792
0020013793