0020013794
0020013795
0020013796
0020013797
0020013798
0020013799
0020014007
0020024007
0020014008
0020024008
0020014102
0020024102
0020014103
0020024103
0020014114
0020014115
0020014116
0020024116
0020014117
0020024117
0020014118
0020024118
0020014119
0020024119
0020014120
0020014121
0020014273
0020024273
0020014274
0020024274
0020014275
0020024275
0020014276
0020014277
0020014278
0020014279
0020024279
0020014327
0020024327
0020014636
0020014637
0020015000
0020015001
0020015002
0020015003
0020015004
0020025004
0020015005
0020025005
0020015008
0020015009
0020015010
0020015011
0020015012
0020015013
0020015016
0020015017
0020015018
0020015019
0020015020
0020015021
0020015022
0020025022
0020015023
0020025023
0020015024
0020025024
0020015025
0020025025
0020015026
0020025026
0020015027
0020025027
0020015028
0020015029
0020015030
0020015031
0020015032
0020015033
0020015034
0020015035
0020015038
0020025038
0020015039
0020025039
0020035040
0020045040
0020055040
0020015041
0020025041
0020065042
0020075042
0020015043
0020025043
0020015044
0020025044
0020015047
0020015048
0020015049
0020025049
0020015050
0020025050
0020015061
0020025061
0020015062
0020025062
0020015063
0020015064
0020015069
0020025069
0020015252
0020025252
0020015271
0020025271
0020015272
0020025272
0020015273
0020025273
0020015274
0020015275
0020015276
0020025276
0020015277
0020025277
0020015278
0020015279
0020015280
0020025280
0020015348
0020025348
0020015746
0020015839
0020016031
0020016032
0020016049
0020016050
0020016051
0020016052
0020016221
0020016294
0020026294
0020016295
0020026295
0020016296
0020016297
0020016298
0020016299
0020016300
0020016301
0020016382
0020026382
0020016383
0020026383
0020016384
0020026384
0020016385
0020026385
0020016386
0020016387
0020016388
0020016389
0020016390
0020016391
0020016392
0020016393
0020016394
0020016395
0020016396
0020016397
0020016398
0020016399
0020016400
0020016401
0020016402
0020016403
0020016404
0020016405
0020016406
0020016407
0020016408
0020016694
0020016695
0020026695
0020016911
0020026911
0020016912
0020026912
0020016913
0020026913
0020016914
0020016915
0020026915
0020016916
0020016917
0020026917
0020016918
0020016919
0020016920
0020016921
0020016922
0020016923
0020016924
0020016925
0020016926
0020016927
0020016928
0020026928
0020016930
0020016931
0020016932
0020016933
0020016934
0020016935
0020016936
0020016937
0020016938
0020016939
0020016940
0020016941
0020016942
0020026942
0020016943
0020026943
0020016944
0020026944
0020016945
0020026945
0020016946
0020016947
0020016948
0020016949
0020026949
0020016950
0020026950
0020016951
0020026951
0020016952
0020026952
0020016953
0020026953
0020016954
0020016955
0020026955
0020016956
0020026956
0020016957
0020026957
0020016958
0020026958
0020016960
0020026960
0020016961
0020026961
0020016962
0020026962
0020016963
0020016964
0020016965
0020016966
0020016967
0020016968
0020016969
0020016970
0020016971
0020016972
0020016973
0020016974
0020026974
0020016975
0020026975
0020016976
0020016977
0020016978
0020016979
0020026979
0020016980
0020016981
0020026981
0020016982
0020026982
0020016983
0020016984
0020016985
0020026985
0020016986
0020026986
0020016987
0020016988
0020016989
0020016990
0020016991
0020016992
0020016993
0020016994
0020016995
0020016996
0020016997
0020026997
0020016998
0020026998
0020016999
0020026999
0020017000
0020017001
0020017002
0020017003
0020017004
0020017005
0020017006
0020017007
0020017008
0020017009
0020017010
0020027010
0020017011
0020017012
0020017013
0020017014
0020017015
0020017016
0020017017
0020017018
0020017019
0020017020
0020027020
0020017021
0020027021
0020017022
0020017023
0020017024
0020017025
0020017026
0020017027
0020017028
0020017029
0020017030
0020017031
0020017357
0020027357
0020017358
0020027358