0020011850
0020011851
0020011852
0020011853
0020011854
0020011855
0020021855
0020011856
0020021856
0020011857
0020021857
0020011858
0020021858
0020011859
0020011860
0020011861
0020021861
0020011862
0020021862
0020011863
0020021863
0020011864
0020021865
0020011866
0020021866
0020011867
0020021867
0020011868
0020011869
0020011870
0020011871
0020011872
0020021872
0020011873
0020021873
0020011874
0020021874
0020011875
0020021875
0020011876
0020011877
0020021877
0020011878
0020021878
0020011879
0020021879
0020011880
0020021880
0020011881
0020021881
0020011882
0020021882
0020011883
0020021883
0020011884
0020021884
0020011885
0020021885
0020011886
0020021886
0020011887
0020011888
0020011889
0020011890
0020011891
0020021891
0020011892
0020021892
0020011893
0020011894
0020011895
0020011896
0020011897
0020011898
0020011899
0020011900
0020011901
0020011902
0020011903
0020011904
0020021904
0020011905
0020021905
0020011906
0020011907
0020021907
0020011908
0020011909
0020021909
0020011911
0020011912
0020011913
0020021913
0020011914
0020021914
0020021915
0020011916
0020021916
0020011917
0020021917
0020011918
0020021918
0020011919
0020021919
0020011920
0020021920
0020011921
0020021921
0020011922
0020021922
0020011923
0020011924
0020011925
0020021925
0020011926
0020021926
0020011927
0020011928
0020011929
0020021929
0020011930
0020021930
0020011931
0020021931
0020011932
0020011934
0020021934
0020011935
0020021935
0020011936
0020021936
0020011937
0020011938
0020021938
0020011939
0020021939
0020011940
0020021940
0020011941
0020011942
0020011943
0020021943
0020011944
0020021944
0020011945
0020021945
0020011946
0020021946
0020011947
0020021947
0020011948
0020011949
0020021949
0020011950
0020021950
0020012532
0020012533
0020012534
0020012535
0020012536
0020012537
0020012538
0020012539
0020012548
0020012549
0020012550
0020012551
0020012552
0020012553
0020012554
0020012555
0020012556
0020012557
0020012558
0020012559
0020022559
0020012560
0020022560
0020012561
0020022561
0020012562
0020022562
0020012563
0020022563
0020012564
0020012565
0020022565
0020012566
0020022566
0020012567
0020022567
0020012568
0020022568
0020012569
0020022569
0020012570
0020012571
0020022571
0020012572
0020022572
0020012573
0020022573
0020012574
0020012575
0020022575
0020012576
0020022576
0020012577
0020022577
0020012578
0020022578
0020012579
0020022579
0020012580
0020022580
0020012581
0020022581
0020012582
0020022582
0020012583
0020022583
0020012584
0020022584
0020012585
0020022585
0020012586
0020022586
0020012587
0020022587
0020012588
0020012589
0020012590
0020022590
0020012591
0020012592
0020012593
0020012594
0020012595
0020012596
0020012597
0020012598
0020022598
0020012609
0020012610
0020012611
0020012612
0020012613
0020012614
0020012616
0020012617
0020012618
0020012619
0020012620
0020012621
0020012622
0020022622
0020012623
0020022623
0020012624
0020012625
0020012626
0020012627
0020022627
0020012628
0020022628
0020012629
0020012630
0020022630
0020012631
0020022631
0020012632
0020022632
0020012633
0020022633
0020012634
0020022634
0020012635
0020022635
0020012636
0020022636
0020012637
0020022637
0020012638
0020012639
0020022639
0020012640
0020022640
0020012641
0020022641
0020012642
0020022642
0020012643
0020012644
0020012645
0020022645
0020012646
0020022646
0020012647
0020012648
0020022648