0020011850
0020011851
0020011852
0020011853
0020011854
0020011855
0020021855
0020011856
0020021856
0020011857
0020021857
0020011858
0020021858
0020011859
0020011860
0020011861
0020021861
0020011862
0020021862
0020011863
0020021863
0020011864
0020021865
0020011866
0020021866
0020011867
0020021867
0020011868
0020011869
0020011870
0020011871
0020011872
0020021872
0020011873
0020021873
0020011874
0020021874
0020011875
0020021875
0020011876
0020011877
0020021877
0020011878
0020021878
0020011879
0020021879
0020011880
0020021880
0020011881
0020021881
0020011882
0020021882
0020011883
0020021883
0020011884
0020021884
0020011885
0020021885
0020011886
0020021886
0020011887
0020011888
0020011889
0020011890
0020011891
0020021891
0020011892
0020021892
0020011893
0020011894
0020011895
0020011896
0020011897
0020011898
0020011899
0020011900
0020011901
0020011902
0020011903
0020011904
0020021904
0020011905
0020021905
0020011906
0020011907
0020021907
0020011908
0020011909
0020021909
0020011911
0020011912
0020011913
0020021913
0020011914
0020021914
0020021915
0020011916
0020021916
0020011917
0020021917
0020011918
0020021918
0020011919
0020021919
0020011920
0020021920
0020011921
0020021921
0020011922
0020021922
0020011923
0020011924
0020011925
0020021925
0020011926
0020021926
0020011927
0020011928
0020011929
0020021929
0020011930
0020021930
0020011931
0020021931
0020011932
0020011934
0020021934
0020011935
0020021935
0020011936
0020021936
0020011937
0020011938
0020021938
0020011939
0020021939
0020011940
0020021940
0020011941
0020011942
0020011943
0020021943
0020011944
0020021944
0020011945
0020021945
0020011946
0020021946
0020011947
0020021947
0020011948
0020011949
0020021949
0020011950
0020021950
0020012532
0020012533
0020012534
0020012535
0020012536
0020012537
0020012538
0020012539
0020012548
0020012549
0020012550
0020012551
0020012552
0020012553
0020012554
0020012555
0020012556
0020012557
0020012558
0020012559
0020022559
0020012560
0020022560
0020012561
0020022561
0020012562
0020022562
0020012563
0020022563
0020012564
0020012565
0020022565
0020012566
0020022566
0020012567
0020022567
0020012568
0020022568
0020012569
0020022569
0020012570
0020012571
0020022571
0020012572
0020022572
0020012573
0020022573
0020012574
0020012575
0020022575
0020012576
0020022576
0020012577
0020022577
0020012578
0020022578
0020012579
0020022579
0020012580
0020022580
0020012581
0020022581
0020012582
0020022582
0020012583
0020022583
0020012584
0020022584
0020012585
0020022585
0020012586
0020022586
0020012587
0020022587
0020012588
0020012589
0020012590
0020022590
0020012591
0020012592
0020012593
0020012594
0020012595
0020012596
0020012597
0020012598
0020022598
0020012609
0020012610
0020012611
0020012612
0020012613
0020012614
0020012616
0020012617
0020012618
0020012619
0020012620
0020012621
0020012622
0020022622
0020012623
0020022623
0020012624
0020012625
0020012626
0020012627
0020022627
0020012628
0020022628
0020012629
0020012630
0020022630
0020012631
0020022631
0020012632
0020022632
0020012633
0020022633
0020012634
0020022634
0020012635
0020022635
0020012636
0020022636
0020012637
0020022637
0020012638
0020012639
0020022639
0020012640
0020022640
0020012641
0020022641
0020012642
0020022642
0020012643
0020012644
0020012645
0020022645
0020012646
0020022646
0020012647
0020012648
0020022648
0020012649
0020022649
0020012650
0020022650
0020012651
0020012652
0020012653
0020012654
0020012655
0020012656
0020012657
0020012658
0020012659
0020012660
0020012661
0020012662
0020012663
0020012665
0020012666
0020012667
0020012668
0020012669
0020022669
0020012670
0020013394
0020013395
0020013600
0020013601
0020013602
0020013603
0020013604
0020013605
0020013606
0020013607
0020013608
0020023608
0020013609
0020013610
0020023610
0020013611
0020023611
0020013612
0020023612
0020013613
0020013614
0020013615
0020013616
0020013617
0020023617
0020013618
0020013619
0020013620
0020013621
0020013622
0020013623
0020013624
0020013625
0020013626
0020013627
0020013628
0020013629
0020013630
0020013631
0020013632
0020013633
0020023633
0020013634
0020013635
0020013636
0020023636
0020013637
0020023637
0020013638
0020023638
0020013639
0020023639
0020013640
0020023640
0020013641
0020023641
0020013642
0020023642
0020013643
0020013644
0020013645
0020013646
0020013647
0020013648
0020013649
0020013650
0020013651
0020013652
0020013653
0020023653
0020013654
0020013655
0020013656
0020023656
0020013657
0020023657
0020013658
0020023658
0020013659
0020013660
0020013661
0020013662
0020023662
0020013663
0020023663
0020013664
0020023664
0020013665
0020013666
0020023666
0020013667
0020013668
0020013669
0020023669
0020013670
0020023670
0020013671
0020023671
0020013672
0020023672
0020013673
0020013674
0020023674
0020013675
0020023675
0020013676
0020023676
0020013677
0020023677
0020013678
0020023678
0020013679
0020023679
0020013680
0020023680
0020013681
0020023681
0020013682
0020023682
0020013683
0020023683
0020013684
0020013685
0020013686
0020013687
0020013688
0020013689
0020013690
0020013691
0020013692
0020013693
0020023693
0020013694
0020013695
0020013696
0020013697
0020013698
0020013699
0020013700
0020013701
0020013702
0020013703
0020013704
0020013705
0020013706
0020013707
0020013708
0020013709
0020013710
0020013711
0020013712
0020013713
0020013714
0020013715
0020013716
0020013717
0020013718
0020013719
0020013720
0020013721
0020023721
0020013722
0020023722
0020013723
0020013724
0020023724
0020013725
0020023725
0020013727
0020023727
0020013728
0020013729
0020013730
0020013731
0020013732
0020023732
0020013733
0020023733
0020013734
0020023734
0020013735
0020023735
0020013736
0020023736
0020013737
0020023737
0020013738
0020023738
0020013739
0020023739
0020013740
0020023740
0020013741
0020023741
0020013742
0020013743
0020023743
0020013744
0020023744
0020013745
0020023745
0020013746
0020023746
0020013747
0020023747
0020013748
0020023748
0020013749
0020023749
0020013750
0020023750
0020013751
0020013752
0020023752
0020013753
0020013754
0020023754
0020013755
0020013756
0020013757
0020013758
0020013759
0020013760
0020013761
0020023761
0020013762
0020013763
0020023763
0020013764
0020013765
0020013766
0020023766
0020013767
0020023767
0020013768
0020013769
0020023769
0020013770
0020023770
0020013771
0020023771
0020013772
0020023772
0020013773
0020023773
0020013774
0020023774
0020013775
0020023775
0020013776
0020023776
0020013777
0020023777
0020013778
0020023778
0020013779
0020023779
0020013780
0020023780
0020013781
0020023781
0020013782
0020023782
0020013783
0020023783
0020013784
0020023784
0020013785
0020013786
0020013787
0020013788
0020013789
0020013790
0020013791
0020013792
0020013793
0020013794
0020013795
0020013796
0020013797
0020013798
0020013799
0020014007
0020024007
0020014008
0020024008
0020014102
0020024102
0020014103
0020024103
0020014114
0020014115
0020014116
0020024116
0020014117
0020024117
0020014118
0020024118
0020014119
0020024119
0020014120
0020014121
0020014273
0020024273
0020014274
0020024274
0020014275
0020024275
0020014276
0020014277
0020014278
0020014279
0020024279
0020014327
0020024327
0020014636
0020014637
0020015000
0020015001
0020015002
0020015003
0020015004
0020025004
0020015005
0020025005
0020015008
0020015009
0020015010
0020015011
0020015012
0020015013
0020015016
0020015017
0020015018
0020015019
0020015020
0020015021
0020015022
0020025022
0020015023
0020025023
0020015024
0020025024
0020015025
0020025025
0020015026
0020025026
0020015027
0020025027
0020015028
0020015029
0020015030
0020015031
0020015032
0020015033
0020015034
0020015035
0020015038
0020025038
0020015039
0020025039
0020035040
0020045040
0020055040
0020015041
0020025041
0020065042
0020075042
0020015043
0020025043
0020015044
0020025044
0020015047
0020015048
0020015049
0020025049
0020015050
0020025050
0020015061
0020025061
0020015062
0020025062
0020015063
0020015064
0020015069
0020025069
0020015252
0020025252
0020015271
0020025271
0020015272
0020025272
0020015273
0020025273
0020015274
0020015275
0020015276
0020025276
0020015277
0020025277
0020015278
0020015279
0020015280
0020025280
0020015348
0020025348
0020015746
0020015839
0020016031
0020016032
0020016049
0020016050
0020016051
0020016052
0020016221
0020016294
0020026294
0020016295
0020026295
0020016296
0020016297
0020016298
0020016299
0020016300
0020016301
0020016382
0020026382
0020016383
0020026383
0020016384
0020026384
0020016385
0020026385
0020016386
0020016387
0020016388
0020016389
0020016390
0020016391
0020016392
0020016393
0020016394
0020016395
0020016396
0020016397
0020016398
0020016399
0020016400
0020016401
0020016402
0020016403
0020016404
0020016405
0020016406
0020016407
0020016408
0020016694
0020016695
0020026695
0020016911
0020026911
0020016912
0020026912
0020016913
0020026913
0020016914
0020016915
0020026915
0020016916
0020016917
0020026917
0020016918
0020016919
0020016920
0020016921
0020016922
0020016923
0020016924
0020016925
0020016926
0020016927
0020016928
0020026928
0020016930
0020016931
0020016932
0020016933
0020016934
0020016935
0020016936
0020016937
0020016938
0020016939
0020016940
0020016941
0020016942
0020026942
0020016943
0020026943
0020016944
0020026944
0020016945
0020026945
0020016946
0020016947
0020016948
0020016949
0020026949
0020016950
0020026950
0020016951
0020026951
0020016952
0020026952
0020016953
0020026953
0020016954
0020016955
0020026955
0020016956
0020026956
0020016957
0020026957
0020016958
0020026958
0020016960
0020026960
0020016961
0020026961
0020016962
0020026962
0020016963
0020016964
0020016965
0020016966
0020016967
0020016968
0020016969
0020016970
0020016971
0020016972
0020016973
0020016974
0020026974
0020016975
0020026975
0020016976
0020016977
0020016978
0020016979
0020026979
0020016980
0020016981
0020026981
0020016982
0020026982
0020016983
0020016984
0020016985
0020026985
0020016986
0020026986
0020016987
0020016988
0020016989
0020016990
0020016991
0020016992
0020016993
0020016994
0020016995
0020016996
0020016997
0020026997
0020016998
0020026998
0020016999
0020026999
0020017000
0020017001
0020017002
0020017003
0020017004
0020017005
0020017006
0020017007
0020017008
0020017009
0020017010
0020027010
0020017011
0020017012
0020017013
0020017014
0020017015
0020017016
0020017017
0020017018
0020017019
0020017020
0020027020
0020017021
0020027021
0020017022
0020017023
0020017024
0020017025
0020017026
0020017027
0020017028
0020017029
0020017030
0020017031
0020017357
0020027357
0020017358
0020027358